UNITS=MM
#Layer_Color=9474304
#
#Feature symbol names
#
$0 r127

#
#Feature attribute names
#

#
#Layer features
#
L 256.3250017 193.04 258.0249983 193.04 0 P 0
L 256.3250017 198.12 258.0249983 198.12 0 P 0
L 256.3250017 203.2 258.0249983 203.2 0 P 0
L 257.175 192.1900017 257.175 193.8899983 0 P 0
L 257.175 197.2700017 257.175 198.9699983 0 P 0
L 257.175 202.3500017 257.175 204.0499983 0 P 0
L 231.2250011 191.77 232.3249989 191.77 0 P 0
L 231.2250011 194.31 232.3249989 194.31 0 P 0
L 231.2250011 196.85 232.3249989 196.85 0 P 0
L 231.2250011 199.39 232.3249989 199.39 0 P 0
L 231.2250011 201.93 232.3249989 201.93 0 P 0
L 231.2250011 204.47 232.3249989 204.47 0 P 0
L 231.775 191.2200011 231.775 192.3199989 0 P 0
L 231.775 193.7600011 231.775 194.8599989 0 P 0
L 231.775 196.3000011 231.775 197.3999989 0 P 0
L 231.775 198.8400011 231.775 199.9399989 0 P 0
L 231.775 201.3800011 231.775 202.4799989 0 P 0
L 231.775 203.9200011 231.775 205.0199989 0 P 0
L 237.7694 197.358 238.4806 197.358 0 P 0
L 238.125 197.0024 238.125 197.7136 0 P 0
L 241.0714 190.754 241.7826 190.754 0 P 0
L 241.427 190.3984 241.427 191.1096 0 P 0
L 245.1450012 195.58 246.3449988 195.58 0 P 0
L 245.1450012 198.12 246.3449988 198.12 0 P 0
L 245.1450012 200.66 246.3449988 200.66 0 P 0
L 245.745 194.9800012 245.745 196.1799988 0 P 0
L 245.745 197.5200012 245.745 198.7199988 0 P 0
L 245.745 200.0600012 245.745 201.2599988 0 P 0
L 251.7394 190.246 252.4506 190.246 0 P 0
L 251.7394 205.994 252.4506 205.994 0 P 0
L 252.095 189.8904 252.095 190.6016 0 P 0
L 252.095 205.6384 252.095 206.3496 0 P 0
L 252.7650012 195.58 253.9649988 195.58 0 P 0
L 252.7650012 198.12 253.9649988 198.12 0 P 0
L 252.7650012 200.66 253.9649988 200.66 0 P 0
L 253.365 194.9800012 253.365 196.1799988 0 P 0
L 253.365 197.5200012 253.365 198.7199988 0 P 0
L 253.365 200.0600012 253.365 201.2599988 0 P 0
