UNITS=MM
#Layer_Color=9474304
#
#Feature symbol names
#
$0 r127
$1 r169.33164

#
#Feature attribute names
#

#
#Layer features
#
A 257.683 193.04 257.683 193.04 257.175 193.04 1 P 0 N
A 257.683 198.12 257.683 198.12 257.175 198.12 1 P 0 N
A 257.683 203.2 257.683 203.2 257.175 203.2 1 P 0 N
L 231.267 192.278 231.775 191.262 0 P 0
L 231.267 192.278 232.283 192.278 0 P 0
L 231.267 194.818 231.775 193.802 0 P 0
L 231.267 194.818 232.283 194.818 0 P 0
L 231.267 197.358 231.775 196.342 0 P 0
L 231.267 197.358 232.283 197.358 0 P 0
L 231.267 199.898 231.775 198.882 0 P 0
L 231.267 199.898 232.283 199.898 0 P 0
L 231.267 202.438 231.775 201.422 0 P 0
L 231.267 202.438 232.283 202.438 0 P 0
L 231.267 204.978 231.775 203.962 0 P 0
L 231.267 204.978 232.283 204.978 0 P 0
L 231.775 191.262 232.283 192.278 0 P 0
L 231.775 193.802 232.283 194.818 0 P 0
L 231.775 196.342 232.283 197.358 0 P 0
L 231.775 198.882 232.283 199.898 0 P 0
L 231.775 201.422 232.283 202.438 0 P 0
L 231.775 203.962 232.283 204.978 0 P 0
L 237.617 197.104 237.871 197.104 0 P 0
L 237.617 197.104 237.871 197.358 0 P 0
L 237.617 197.612 237.871 197.358 0 P 0
L 237.617 197.612 237.871 197.612 0 P 0
L 237.871 197.104 238.125 196.85 0 P 0
L 237.871 197.612 238.125 197.866 0 P 0
L 238.125 196.85 238.379 197.104 0 P 0
L 238.125 197.866 238.379 197.612 0 P 0
L 238.379 197.104 238.633 197.104 0 P 0
L 238.379 197.358 238.633 197.104 0 P 0
L 238.379 197.358 238.633 197.612 0 P 0
L 238.379 197.612 238.633 197.612 0 P 0
L 240.919 190.5 241.173 190.5 0 P 0
L 240.919 190.5 241.173 190.754 0 P 0
L 240.919 191.008 241.173 190.754 0 P 0
L 240.919 191.008 241.173 191.008 0 P 0
L 241.173 190.5 241.427 190.246 0 P 0
L 241.173 191.008 241.427 191.262 0 P 0
L 241.427 190.246 241.681 190.5 0 P 0
L 241.427 191.262 241.681 191.008 0 P 0
L 241.681 190.5 241.935 190.5 0 P 0
L 241.681 190.754 241.935 190.5 0 P 0
L 241.681 190.754 241.935 191.008 0 P 0
L 241.681 191.008 241.935 191.008 0 P 0
L 245.237 195.072 245.237 196.088 0 P 0
L 245.237 195.072 246.253 195.072 0 P 0
L 245.237 196.088 246.253 196.088 0 P 0
L 245.237 197.612 245.237 198.628 0 P 0
L 245.237 197.612 246.253 197.612 0 P 0
L 245.237 198.628 246.253 198.628 0 P 0
L 245.237 200.152 245.237 201.168 0 P 0
L 245.237 200.152 246.253 200.152 0 P 0
L 245.237 201.168 246.253 201.168 0 P 0
L 246.253 195.072 246.253 196.088 0 P 0
L 246.253 197.612 246.253 198.628 0 P 0
L 246.253 200.152 246.253 201.168 0 P 0
L 251.587 189.992 251.841 189.992 0 P 0
L 251.587 189.992 251.841 190.246 0 P 0
L 251.587 190.5 251.841 190.246 0 P 0
L 251.587 190.5 251.841 190.5 0 P 0
L 251.587 205.74 251.841 205.74 0 P 0
L 251.587 205.74 251.841 205.994 0 P 0
L 251.587 206.248 251.841 205.994 0 P 0
L 251.587 206.248 251.841 206.248 0 P 0
L 251.841 189.992 252.095 189.738 0 P 0
L 251.841 190.5 252.095 190.754 0 P 0
L 251.841 205.74 252.095 205.486 0 P 0
L 251.841 206.248 252.095 206.502 0 P 0
L 252.095 189.738 252.349 189.992 0 P 0
L 252.095 190.754 252.349 190.5 0 P 0
L 252.095 205.486 252.349 205.74 0 P 0
L 252.095 206.502 252.349 206.248 0 P 0
L 252.349 189.992 252.603 189.992 0 P 0
L 252.349 190.246 252.603 189.992 0 P 0
L 252.349 190.246 252.603 190.5 0 P 0
L 252.349 190.5 252.603 190.5 0 P 0
L 252.349 205.74 252.603 205.74 0 P 0
L 252.349 205.994 252.603 205.74 0 P 0
L 252.349 205.994 252.603 206.248 0 P 0
L 252.349 206.248 252.603 206.248 0 P 0
L 252.857 195.072 252.857 196.088 0 P 0
L 252.857 195.072 253.873 195.072 0 P 0
L 252.857 196.088 253.873 196.088 0 P 0
L 252.857 197.612 252.857 198.628 0 P 0
L 252.857 197.612 253.873 197.612 0 P 0
L 252.857 198.628 253.873 198.628 0 P 0
L 252.857 200.152 252.857 201.168 0 P 0
L 252.857 200.152 253.873 200.152 0 P 0
L 252.857 201.168 253.873 201.168 0 P 0
L 253.873 195.072 253.873 196.088 0 P 0
L 253.873 197.612 253.873 198.628 0 P 0
L 253.873 200.152 253.873 201.168 0 P 0
